(1036153944,-2136484562)
(1896664056,-2136484562)
(-27601057,-2136484562)
(614148504,-2136484562)
(-1646123465,-2136484562)
(986081200,-2136484562)
(-1778355713,-2136484562)
(256490848,-2136484562)
(848809728,-2136484562)
(-668946953,-2136484562)
(1831561688,-2136484562)
(-719616001,-2136484562)
(-95024569,-2136484562)
(46938856,-2136484562)
(-719486937,-2136484562)
(1836420896,-2136484562)
(2045038792,-2136484562)
(-118607745,-2136484562)
(143879144,-2136484562)
(-200887321,-2136484562)
(1592709216,-2136484562)
(966798976,-2136484562)
(-1759203417,-2136484562)
(1848887896,-2136484562)
(1760510784,-2136484562)
(710871048,-2136484562)
(1681587072,-2136484562)
(1621544920,-2136484562)
(58640992,-2136484562)
(-1106433553,-2136484562)
(-125468049,-2136484562)
(-1633779745,-2136484562)
(1629356472,-2136484562)
(-1838708801,-2136484562)
(244448152,-2136484562)
(1574152808,-2136484562)
(-267750625,-2136484562)
(1479192472,-2136484562)
(141231400,-2136484562)
(512421584,-2136484562)
(-90190969,-2136484562)
(-1904842441,-2136484562)
(1601047912,-2136484562)
(-419360713,-2136484562)
(-55902489,-2136484562)
(-146287489,-2136484562)
(-357369641,-2136484562)
(982907312,-2136484562)
(-1004264993,-2136484562)
(-815341761,-2136484562)
(943747384,-2136484562)
(-118174025,-2136484562)
(1746150224,-2136484562)
(-688036705,-2136484562)
(-143606145,-2136484562)
(-782779785,-2136484562)
(-1670289113,-2136484562)
(16804792,-2136484562)
(-713987545,-2136484562)
(-1778972353,-2136484562)
(1946191992,-2136484562)
(1788301816,-2136484562)
(-802789537,-2136484562)
(-412654793,-2136484562)
(1589251368,-2136484562)
(-85173737,-2136484562)
(800701792,-2136484562)
(-238474113,-2136484562)
(195569352,-2136484562)
(-1776208497,-2136484562)
(-1947919097,-2136484562)
(650015168,-2136484562)
(1132965784,-2136484562)
(-29983273,-2136484562)
(1746036768,-2136484562)
(-973756825,-2136484562)
(-31861313,-2136484562)
(-56851865,-2136484562)
(-1718855593,-2136484562)
(-885754705,-2136484562)
(-59539937,-2136484562)
(-1847623945,-2136484562)
(-24439257,-2136484562)
(-238443929,-2136484562)
(800945496,-2136484562)
(1731552368,-2136484562)
(-1671211865,-2136484562)
(499182992,-2136484562)
(-868649049,-2136484562)
(-1562635865,-2136484562)
(1846911688,-2136484562)
(-916588225,-2136484562)
(1828769552,-2136484562)
(-1800730473,-2136484562)
(852348744,-2136484562)
(1626162776,-2136484562)
(546964312,-2136484562)
(-1405490961,-2136484562)
(-1780853097,-2136484562)
(-463369,-2136484562)
(-1715143641,-2136484562)
(1683358608,-2136484562)
(1774397984,-2136484562)
(-667069249,-2136484562)
(1712183696,-2136484562)
(-808669225,-2136484562)
(58822704,-2136484562)
(-144405761,-2136484562)
(946063104,-2136484562)
(-1920308201,-2136484562)
(1691069400,-2136484562)
(251814776,-2136484562)
(-83666681,-2136484562)
(1650143320,-2136484562)
(1833066736,-2136484562)
(831330776,-2136484562)
(-1490870073,-2136484562)
(-2079644825,-2136484562)
(1080570712,-2136484562)
(-1608715553,-2136484562)
(1580709112,-2136484562)
(-491746529,-2136484562)
(-756179113,-2136484562)
(-858138417,-2136484562)
(-1246930913,-2136484562)
(742942144,-2136484562)
(115863800,-2136484562)
(-1804695489,-2136484562)
(1715508136,-2136484562)
(-1129399385,-2136484562)
(-1019242809,-2136484562)
(-1646034209,-2136484562)
(1862874360,-2136484562)
(-674579585,-2136484562)
(575581024,-2136484562)
(1545714584,-2136484562)
(1599200864,-2136484562)
(-1957881449,-2136484562)
(58528104,-2136484562)
(1606790000,-2136484562)
(-622118305,-2136484562)
(828744104,-2136484562)
(-867154969,-2136484562)
(1660860392,-2136484562)
(887104736,-2136484562)
(-169493809,-2136484562)
(832500656,-2136484562)
(1635256920,-2136484562)
(-744487705,-2136484562)
(-999705401,-2136484562)
(-908453545,-2136484562)
(-1691894009,-2136484562)
(-419244649,-2136484562)
(-922033401,-2136484562)
(-142686593,-2136484562)
(948027176,-2136484562)
(-232317873,-2136484562)
(1794343760,-2136484562)
(1685152992,-2136484562)
(-1034684065,-2136484562)
(1625295672,-2136484562)
(770515857,-2136484562)
(-1998701794,-2136484562)
(1458431481,-2136484562)
(1946340793,-2136484562)
(133107713,-2136484562)
(734606665,-2136484562)
(1863059785,-2136484562)
(775416289,-2136484562)
(-274207314,-2136484562)
(918440089,-2136484562)
(-118354154,-2136484562)
(1770885721,-2136484562)
(-2050060626,-2136484562)
(-1896322082,-2136484562)
(-791731578,-2136484562)
(788257537,-2136484562)
(-1102648050,-2136484562)
(1770861825,-2136484562)
(-1203541706,-2136484562)
(-1920582690,-2136484562)
(1657322497,-2136484562)
(-1894311778,-2136484562)
(-716873338,-2136484562)
(514449329,-2136484562)
(1626994041,-2136484562)
(-976565482,-2136484562)
(-1886132074,-2136484562)
(-1600715546,-2136484562)
(1624380025,-2136484562)
(-27867122,-2136484562)
(1683717609,-2136484562)
(1659214265,-2136484562)
(-1726449290,-2136484562)
(717207441,-2136484562)
(963471481,-2136484562)
(721805433,-2136484562)
(-629767978,-2136484562)
(1610021825,-2136484562)
(-1678959010,-2136484562)
(796702953,-2136484562)
(998171817,-2136484562)
(13314393,-2136484562)
(-2136484562,-2136484562)
(-984964906,-2136484562)
(1710651161,-2136484562)
(757693089,-2136484562)
(1814234201,-2136484562)
(75294649,-2136484562)
(-138870394,-2136484562)
(794147377,-2136484562)
(804534065,-2136484562)
(166291625,-2136484562)
(104388377,-2136484562)
(1210228153,-2136484562)
(-178353442,-2136484562)
(-2010088658,-2136484562)
(1723350969,-2136484562)
(-1665028386,-2136484562)
(-1654925778,-2136484562)
(-21749218,-2136484562)
(1470904777,-2136484562)
(1569,-2136484562)
(-260537522,-2136484562)
(-450937114,-2136484562)
(-2033239498,-2136484562)
(81672185,-2136484562)
(-148928610,-2136484562)
(-1377018762,-2136484562)
(1574817,-2136484562)
(-1028310682,-2136484562)
(742825065,-2136484562)
(741248057,-2136484562)
(2105309857,-2136484562)
(1671826081,-2136484562)
(-57782330,-2136484562)
(-1821756138,-2136484562)
(-497349954,-2136484562)
(-719558434,-2136484562)
(1617465353,-2136484562)
(-2025326034,-2136484562)
(-176605602,-2136484562)
(-739293898,-2136484562)
(1701629017,-2136484562)
(985249873,-2136484562)
(-141848722,-2136484562)
(-1943392658,-2136484562)
(-879481778,-2136484562)
(-31415130,-2136484562)
(-1762654610,-2136484562)
(-93651882,-2136484562)
(-1722701930,-2136484562)
(978260145,-2136484562)
(1825589817,-2136484562)
(679574785,-2136484562)
(771575177,-2136484562)
(-199283434,-2136484562)
(-1976667354,-2136484562)
(1718157417,-2136484562)
(1633869657,-2136484562)
(-117685250,-2136484562)
(592550473,-2136484562)
(-32010138,-2136484562)
(997065313,-2136484562)
(710250865,-2136484562)
(-1606190306,-2136484562)
(915672257,-2136484562)
(1023373049,-2136484562)
(-877503650,-2136484562)
(-24522706,-2136484562)
(89033481,-2136484562)
(-90098778,-2136484562)
(854224553,-2136484562)
(-60460610,-2136484562)
(1778004761,-2136484562)
(938146705,-2136484562)
(-833199250,-2136484562)
(888919129,-2136484562)
(-1737567386,-2136484562)
(-32846306,-2136484562)
(-113012930,-2136484562)
(-1865788970,-2136484562)
(1543991449,-2136484562)
(-1058398042,-2136484562)
(-416531498,-2136484562)
(-297660850,-2136484562)
(1605666441,-2136484562)
(824761129,-2136484562)
(1584187169,-2136484562)
(-1633780794,-2136484562)
(-1675419010,-2136484562)
(1755675169,-2136484562)
(-2089641482,-2136484562)
(167900817,-2136484562)
(1804000393,-2136484562)
(-4036490,-2136484562)
(116402353,-2136484562)
(-1715681778,-2136484562)
(-120872642,-2136484562)
(-1749308314,-2136484562)
(-93426802,-2136484562)
(-1854909354,-2136484562)
(-876957322,-2136484562)
(595384337,-2136484562)
(828979673,-2136484562)
(-1187834186,-2136484562)
(-1963199986,-2136484562)
(14415642,-2136484562)
(2107211738,-2136484562)
(1600689210,-2136484562)
(-1952803707,-2136484562)
(78584098,-2136484562)
(-1949980507,-2136484562)
(-1012912315,-2136484562)
(1892391218,-2136484562)
(1003403298,-2136484562)
(1140331226,-2136484562)
(-1047240851,-2136484562)
(620645810,-2136484562)
(-1190259475,-2136484562)
(947843746,-2136484562)
(969114610,-2136484562)
(-1872597835,-2136484562)
(86202562,-2136484562)
(-1921831531,-2136484562)
(1570,-2136484562)
(174532938,-2136484562)
(1795420586,-2136484562)
(-740706107,-2136484562)
(968836682,-2136484562)
(-915221875,-2136484562)
(29207482,-2136484562)
(-55064467,-2136484562)
(-744545427,-2136484562)
(1963712090,-2136484562)
(-25547291,-2136484562)
(1566848218,-2136484562)
(883003074,-2136484562)
(1597474114,-2136484562)
(-888400083,-2136484562)
(839395146,-2136484562)
(622538922,-2136484562)
(-1853839019,-2136484562)
(-438933707,-2136484562)
(1549530554,-2136484562)
(-353676363,-2136484562)
(-1356055315,-2136484562)
(-972693515,-2136484562)
(36022490,-2136484562)
(664765434,-2136484562)
(776106162,-2136484562)
(-443641491,-2136484562)
(977490562,-2136484562)
(1640863450,-2136484562)
(-1693692331,-2136484562)
(173464242,-2136484562)
(813842306,-2136484562)
(1628543018,-2136484562)
(857915786,-2136484562)
(46791730,-2136484562)
(140154210,-2136484562)
(1776509274,-2136484562)
(-25334971,-2136484562)
(1417372210,-2136484562)
(-92996083,-2136484562)
(-112955947,-2136484562)
(-655741307,-2136484562)
(-86436347,-2136484562)
(-1004503115,-2136484562)
(-820773459,-2136484562)
(912042842,-2136484562)
(1598648314,-2136484562)
(-1746860539,-2136484562)
(-3048179,-2136484562)
(942487650,-2136484562)
(984249050,-2136484562)
(1660033994,-2136484562)
(788904162,-2136484562)
(1741752386,-2136484562)
(85726866,-2136484562)
(-1883457363,-2136484562)
(-1742785107,-2136484562)
(1924783218,-2136484562)
(-1633778907,-2136484562)
(-1006855883,-2136484562)
(-804654379,-2136484562)
(-957347931,-2136484562)
(1032962954,-2136484562)
(104787602,-2136484562)
(1994120114,-2136484562)
(58643778,-2136484562)
(1944843306,-2136484562)
(930447378,-2136484562)
(-893411875,-2136484562)
(1411438322,-2136484562)
(-1547835747,-2136484562)
(-1298495107,-2136484562)
(174529122,-2136484562)
(755525810,-2136484562)
(-1716927291,-2136484562)
(-38509187,-2136484562)
(1814740610,-2136484562)
(-1214330851,-2136484562)
(-875656547,-2136484562)
(251838642,-2136484562)
(1538394,-2136484562)
(745744578,-2136484562)
(-118756851,-2136484562)
(2034059330,-2136484562)
(-1902874499,-2136484562)
(84532314,-2136484562)
(-183002787,-2136484562)
(1743950442,-2136484562)
(1886942890,-2136484562)
(-884213475,-2136484562)
(224131338,-2136484562)
(-1725501323,-2136484562)
(-917305131,-2136484562)
(1374160762,-2136484562)
(1745056802,-2136484562)
(830525618,-2136484562)
(-798915675,-2136484562)
(-943492667,-2136484562)
(1492393066,-2136484562)
(-46133307,-2136484562)
(1077429058,-2136484562)
(-720357835,-2136484562)
(-92776675,-2136484562)
(-32930691,-2136484562)
(1851038898,-2136484562)
(1584505050,-2136484562)
(1359217450,-2136484562)
(820400378,-2136484562)
(-847174347,-2136484562)
(740272562,-2136484562)
(1743979330,-2136484562)
(1859358818,-2136484562)
(-40483395,-2136484562)
(1878416418,-2136484562)
(-934747371,-2136484562)
(1416162,-2136484562)
(-826739571,-2136484562)
(-1389413547,-2136484562)
(490322074,-2136484562)
(799872658,-2136484562)
(-63570491,-2136484562)
(1829098106,-2136484562)
(886156970,-2136484562)
(920161130,-2136484562)
(-1020121259,-2136484562)
(-356325995,-2136484562)
(-1246120883,-2136484562)
(115341010,-2136484562)
(43893898,-2136484562)
(-1869968627,-2136484562)
(1861354906,-2136484562)
(-1420816299,-2136484562)
(-857522595,-2136484562)
(839857658,-2136484562)
(1583351843,-2136484562)
(829842499,-2136484562)
(-1195106060,-2136484562)
(1002534139,-2136484562)
(-1660715548,-2136484562)
(1060653275,-2136484562)
(53167259,-2136484562)
(1742227899,-2136484562)
(1625208443,-2136484562)
(612343155,-2136484562)
(150711083,-2136484562)
(-217970676,-2136484562)
(745745259,-2136484562)
(1625180443,-2136484562)
(1914542947,-2136484562)
(1084985523,-2136484562)
(1795287747,-2136484562)
(1625176699,-2136484562)
(-1299477404,-2136484562)
(-558246724,-2136484562)
(819728603,-2136484562)
(-212371884,-2136484562)
(568479411,-2136484562)
(1671088347,-2136484562)
(-1273442860,-2136484562)
(1654645819,-2136484562)
(602149219,-2136484562)
(1693987,-2136484562)
(1878278043,-2136484562)
(711551555,-2136484562)
(-889564780,-2136484562)
(-4881268,-2136484562)
(966774419,-2136484562)
(1053056859,-2136484562)
(-1843872004,-2136484562)
(968095107,-2136484562)
(1678803251,-2136484562)
(-1606719180,-2136484562)
(944604587,-2136484562)
(-1633779900,-2136484562)
(-878299108,-2136484562)
(1964542611,-2136484562)
(-881998220,-2136484562)
(-1494300964,-2136484562)
(1830327507,-2136484562)
(2101701395,-2136484562)
(104504603,-2136484562)
(-364092,-2136484562)
(-111303532,-2136484562)
(1513700451,-2136484562)
(1717414883,-2136484562)
(-232560012,-2136484562)
(-1175259340,-2136484562)
(-770463628,-2136484562)
(-1128657732,-2136484562)
(670396051,-2136484562)
(852401635,-2136484562)
(-132698020,-2136484562)
(1748747011,-2136484562)
(1776241123,-2136484562)
(-1071245484,-2136484562)
(89032675,-2136484562)
(-854138476,-2136484562)
(948082011,-2136484562)
(-1269831236,-2136484562)
(-998502356,-2136484562)
(-1666227740,-2136484562)
(-1575717148,-2136484562)
(115247947,-2136484562)
(-719615164,-2136484562)
(-1018663348,-2136484562)
(-691882412,-2136484562)
(773222491,-2136484562)
(-130612652,-2136484562)
(230566011,-2136484562)
(822460531,-2136484562)
(1742817467,-2136484562)
(-637610012,-2136484562)
(-29767932,-2136484562)
(-1544344220,-2136484562)
(-861147860,-2136484562)
(115251963,-2136484562)
(962521075,-2136484562)
(2047722803,-2136484562)
(799380211,-2136484562)
(-943464860,-2136484562)
(143107243,-2136484562)
(-144184068,-2136484562)
(792144059,-2136484562)
(1372992987,-2136484562)
(1498828307,-2136484562)
(161768515,-2136484562)
(-653678788,-2136484562)
(27489619,-2136484562)
(1019598587,-2136484562)
(-56703972,-2136484562)
(-821114348,-2136484562)
(51502707,-2136484562)
(2106768627,-2136484562)
(79479811,-2136484562)
(1664814747,-2136484562)
(2134472211,-2136484562)
(-892646668,-2136484562)
(798827803,-2136484562)
(3236459,-2136484562)
(-775048268,-2136484562)
(-683480476,-2136484562)
(-4870236,-2136484562)
(-86257508,-2136484562)
(776999187,-2136484562)
(-1581687572,-2136484562)
(143108235,-2136484562)
(1802225451,-2136484562)
(-1074782708,-2136484562)
(-716756004,-2136484562)
(1627889443,-2136484562)
(828746027,-2136484562)
(1509606259,-2136484562)
(-856353868,-2136484562)
(-2025231764,-2136484562)
(-1536656444,-2136484562)
(801070059,-2136484562)
(760422139,-2136484562)
(-1738006380,-2136484562)
(1247298459,-2136484562)
(1714133883,-2136484562)
(888212027,-2136484562)
(-979640732,-2136484562)
(-659435332,-2136484562)
(34917995,-2136484562)
(-1423067140,-2136484562)
(12838915,-2136484562)
(-804807468,-2136484562)
(-659770892,-2136484562)
(1898780211,-2136484562)
(-93818644,-2136484562)
(-915479388,-2136484562)
(804913283,-2136484562)
(-678371308,-2136484562)
(942492331,-2136484562)
(-153567452,-2136484562)
(-1887150852,-2136484562)
(-1919443772,-2136484562)
(-865431100,-2136484562)
(-118576932,-2136484562)
(-1847598412,-2136484562)
(-1835958997,-2136484562)
(2001275572,-2136484562)
(1853476228,-2136484562)
(-3227173,-2136484562)
(60582300,-2136484562)
(-884956021,-2136484562)
(-978308421,-2136484562)
(-1682298429,-2136484562)
(897972116,-2136484562)
(143547172,-2136484562)
(-1213500485,-2136484562)
(913884740,-2136484562)
(1777874460,-2136484562)
(684109924,-2136484562)
(-1687518797,-2136484562)
(84522556,-2136484562)
(1628464060,-2136484562)
(82982308,-2136484562)
(-167740701,-2136484562)
(-817412349,-2136484562)
(1887872820,-2136484562)
(1771713732,-2136484562)
(1628752452,-2136484562)
(-1751987109,-2136484562)
(-1725537493,-2136484562)
(764299284,-2136484562)
(-87362685,-2136484562)
(-1035479269,-2136484562)
(31799268,-2136484562)
(-1706192141,-2136484562)
(-1864866381,-2136484562)
(-758443109,-2136484562)
(87721956,-2136484562)
(1629677924,-2136484562)
(-950363413,-2136484562)
(-859092693,-2136484562)
(974684572,-2136484562)
(172597420,-2136484562)
(1103389860,-2136484562)
(-1917680061,-2136484562)
(-1751029149,-2136484562)
(-256449389,-2136484562)
(1452691148,-2136484562)
(-2104997397,-2136484562)
(-1903673645,-2136484562)
(712460140,-2136484562)
(146767660,-2136484562)
(-207322437,-2136484562)
(91418836,-2136484562)
(-946173981,-2136484562)
(770742108,-2136484562)
(-2011390181,-2136484562)
(4101260,-2136484562)
(1835527012,-2136484562)
(-1058692349,-2136484562)
(-781116549,-2136484562)
(945311420,-2136484562)
(-925003693,-2136484562)
(-948519189,-2136484562)
(1742201924,-2136484562)
(-1703465493,-2136484562)
(965270692,-2136484562)
(-1012079437,-2136484562)
(1771803044,-2136484562)
(-63938029,-2136484562)
(1514588508,-2136484562)
(628215924,-2136484562)
(1729867764,-2136484562)
(713545188,-2136484562)
(993005180,-2136484562)
(-3204933,-2136484562)
(-2017539901,-2136484562)
(29213124,-2136484562)
(-1080927829,-2136484562)
(1647934628,-2136484562)
(52360132,-2136484562)
(1814739892,-2136484562)
(-1690908893,-2136484562)
(1861392420,-2136484562)
(2065468948,-2136484562)
(-2128335701,-2136484562)
(1657151188,-2136484562)
(2130035460,-2136484562)
(-1621727589,-2136484562)
(1828338708,-2136484562)
(-1675494693,-2136484562)
(-1286745565,-2136484562)
(1517246708,-2136484562)
(833478916,-2136484562)
(-1800162357,-2136484562)
(30468644,-2136484562)
(-1885280293,-2136484562)
(-1277399325,-2136484562)
(-1832849909,-2136484562)
(-386886725,-2136484562)
(-60552741,-2136484562)
(-1865820773,-2136484562)
(600575964,-2136484562)
(-92742293,-2136484562)
(-1445206725,-2136484562)
(890586220,-2136484562)
(-1657793277,-2136484562)
(88206636,-2136484562)
(-1659105053,-2136484562)
(1615919796,-2136484562)
(1596495132,-2136484562)
(297517868,-2136484562)
(1652872772,-2136484562)
(1775169660,-2136484562)
(855763548,-2136484562)
(-1547837573,-2136484562)
(1961861204,-2136484562)
(-891172317,-2136484562)
(-688862789,-2136484562)
(-1631126421,-2136484562)
(130399900,-2136484562)
(943468412,-2136484562)
(-3263845,-2136484562)
(-895740085,-2136484562)
(-1007831293,-2136484562)
(-1159042389,-2136484562)
(-766164709,-2136484562)
(1604469196,-2136484562)
(1810020972,-2136484562)
(618260404,-2136484562)
(831515564,-2136484562)
(80220892,-2136484562)
(866887732,-2136484562)
(-58554077,-2136484562)
(-272521773,-2136484562)
(-1026429013,-2136484562)
(-88194949,-2136484562)
(-70210165,-2136484562)
(1647515508,-2136484562)
(630847372,-2136484562)
(-1549708669,-2136484562)
(-499975373,-2136484562)
(-978399477,-2136484562)
(-215050421,-2136484562)
(1716126452,-2136484562)
(199197188,-2136484562)
(-1058817565,-2136484562)
(-31736165,-2136484562)
(-79575549,-2136484562)
(974561684,-2136484562)
(25514268,-2136484562)
(771573100,-2136484562)
(1571555196,-2136484562)
(134489348,-2136484562)
(-918880117,-2136484562)
(-906082413,-2136484562)
(-1603242205,-2136484562)
(-1544201125,-2136484562)
(-1066508653,-2136484562)
(195450292,-2136484562)
(1602864164,-2136484562)
(971057636,-2136484562)
(811321564,-2136484562)
(-1595822285,-2136484562)
(711696164,-2136484562)
(1661418556,-2136484562)
(1514078204,-2136484562)
(-178659165,-2136484562)
(-916173325,-2136484562)
(99987380,-2136484562)
(1331331028,-2136484562)
(-656932685,-2136484562)
(-160681709,-2136484562)
(-1129642853,-2136484562)
(1719108652,-2136484562)
(29899524,-2136484562)
(839448892,-2136484562)
(-2077377141,-2136484562)
(168874596,-2136484562)
(1748751532,-2136484562)
(-1072318022,-2136484562)
(1833591669,-2136484562)
(1538323213,-2136484562)
(-500843094,-2136484562)
(-90357446,-2136484562)
(-2072492102,-2136484562)
(-1072289254,-2136484562)
(2067388453,-2136484562)
(768222941,-2136484562)
(624372661,-2136484562)
(-140063126,-2136484562)
(-661313126,-2136484562)
(1611338613,-2136484562)
(143821229,-2136484562)
(-203930990,-2136484562)
(1626025213,-2136484562)
(942364093,-2136484562)
(25432733,-2136484562)
(1628395389,-2136484562)
(-799704526,-2136484562)
(-26315286,-2136484562)
(1490757413,-2136484562)
(1100499421,-2136484562)
(-1723910062,-2136484562)
(682271781,-2136484562)
(1857490477,-2136484562)
(-88188054,-2136484562)
(-1721219886,-2136484562)
(773565277,-2136484562)
(1771802261,-2136484562)
(-1718775422,-2136484562)
(-888879566,-2136484562)
(862168485,-2136484562)
(1727679581,-2136484562)
(1607451981,-2136484562)
(57904189,-2136484562)
(-1752750006,-2136484562)
(48670485,-2136484562)
(887162269,-2136484562)
(712200285,-2136484562)
(843896693,-2136484562)
(53478357,-2136484562)
(-118726038,-2136484562)
(-173065694,-2136484562)
(-2022386678,-2136484562)
(-46154086,-2136484562)
(887907013,-2136484562)
(1828148957,-2136484562)
(1452619213,-2136484562)
(1456563373,-2136484562)
(1629403053,-2136484562)
(46822549,-2136484562)
(1803240477,-2136484562)
(886059229,-2136484562)
(770586397,-2136484562)
(895393173,-2136484562)
(-72173630,-2136484562)
(68624885,-2136484562)
(59600125,-2136484562)
(-657741958,-2136484562)
(-419269542,-2136484562)
(-1922334462,-2136484562)
(905066317,-2136484562)
(-31801638,-2136484562)
(-57631518,-2136484562)
(114925381,-2136484562)
(1841020957,-2136484562)
(1576527109,-2136484562)
(888774949,-2136484562)
(-919151438,-2136484562)
(-26375830,-2136484562)
(652598309,-2136484562)
(168072389,-2136484562)
(-1577364198,-2136484562)
(-1919471358,-2136484562)
(1332260501,-2136484562)
(-89174238,-2136484562)
(-659407334,-2136484562)
(1827535693,-2136484562)
(1094214645,-2136484562)
(826898149,-2136484562)
(-2091549222,-2136484562)
(-1465639174,-2136484562)
(-835228646,-2136484562)
(-1888877086,-2136484562)
(-888578830,-2136484562)
(-886741686,-2136484562)
(1777290413,-2136484562)
(907000429,-2136484562)
(-1449847518,-2136484562)
(-1523198446,-2136484562)
(1680438997,-2136484562)
(127596181,-2136484562)
(75083557,-2136484562)
(-54826302,-2136484562)
(888028165,-2136484562)
(806339165,-2136484562)
(-899140542,-2136484562)
(-1695709054,-2136484562)
(-1689427182,-2136484562)
(-715923998,-2136484562)
(737621821,-2136484562)
(-53012702,-2136484562)
(-859117414,-2136484562)
(-883967054,-2136484562)
(4040661,-2136484562)
(-112354638,-2136484562)
(1804309157,-2136484562)
(1659079821,-2136484562)
(626256909,-2136484562)
(711732933,-2136484562)
(-1549514430,-2136484562)
(1889092637,-2136484562)
(972257565,-2136484562)
(977385509,-2136484562)
(1539280645,-2136484562)
(1546195829,-2136484562)
(1834607461,-2136484562)
(-1194060910,-2136484562)
(730908125,-2136484562)
(742975941,-2136484562)
(-1130591582,-2136484562)
(712539437,-2136484562)
(-146162334,-2136484562)
(1596614813,-2136484562)
(-744916574,-2136484562)
(-950177462,-2136484562)
(28286933,-2136484562)
(-1719659094,-2136484562)
(-1717040830,-2136484562)
(-1607912094,-2136484562)
(1814236117,-2136484562)
(741186437,-2136484562)
(1600360869,-2136484562)
(-1071339662,-2136484562)
(-913067334,-2136484562)
(-1157192550,-2136484562)
(-747611574,-2136484562)
(715180869,-2136484562)
(-150807782,-2136484562)
(-2135477310,-2136484562)
(-804049574,-2136484562)
(-1920397310,-2136484562)
(-942628406,-2136484562)
(1560001493,-2136484562)
(1402111757,-2136484562)
(727183349,-2136484562)
(1601078821,-2136484562)
(1055642845,-2136484562)
(-885756599,-2136484562)
(942307422,-2136484562)
(-1819054023,-2136484562)
(699974670,-2136484562)
(-1752229703,-2136484562)
(1747821286,-2136484562)
(1761209006,-2136484562)
(1022105318,-2136484562)
(-25278335,-2136484562)
(43681214,-2136484562)
(-203650479,-2136484562)
(1771899230,-2136484562)
(1025103814,-2136484562)
(-116753567,-2136484562)
(-621137055,-2136484562)
(-330797151,-2136484562)
(-2048213367,-2136484562)
(-1004839767,-2136484562)
(1805020046,-2136484562)
(-1925932447,-2136484562)
(1712927326,-2136484562)
(-156095879,-2136484562)
(931369662,-2136484562)
(2042328134,-2136484562)
(1715322222,-2136484562)
(497871286,-2136484562)
(-88164319,-2136484562)
(-1776121231,-2136484562)
(-840870967,-2136484562)
(-742017703,-2136484562)
(-25393591,-2136484562)
(-1633777975,-2136484562)
(1879523654,-2136484562)
(1650054166,-2136484562)
(-745385127,-2136484562)
(580388110,-2136484562)
(655408590,-2136484562)
(105100678,-2136484562)
(587272310,-2136484562)
(857064238,-2136484562)
(-743532439,-2136484562)
(641856118,-2136484562)
(438054,-2136484562)
(970966430,-2136484562)
(562995190,-2136484562)
(1715422542,-2136484562)
(-1633751935,-2136484562)
(736274326,-2136484562)
(-947898655,-2136484562)
(583637870,-2136484562)
(988447166,-2136484562)
(169369302,-2136484562)
(740117774,-2136484562)
(-888981599,-2136484562)
(-667126967,-2136484562)
(1771813214,-2136484562)
(-756240871,-2136484562)
(2346142,-2136484562)
(1749460814,-2136484562)
(-1965554095,-2136484562)
(741042310,-2136484562)
(1834549830,-2136484562)
(-909480167,-2136484562)
(706052742,-2136484562)
(964467302,-2136484562)
(-660502543,-2136484562)
(-1837190663,-2136484562)
(-886596479,-2136484562)
(-1779986183,-2136484562)
(-988931967,-2136484562)
(2007267478,-2136484562)
(1541313742,-2136484562)
(-1869015135,-2136484562)
(1825804430,-2136484562)
(-23056127,-2136484562)
(-298407455,-2136484562)
(1011220918,-2136484562)
(582946390,-2136484562)
(1666305230,-2136484562)
(-721297239,-2136484562)
(202890150,-2136484562)
(-1843994239,-2136484562)
(531986910,-2136484562)
(1598,-2136484562)
(1903166062,-2136484562)
(-1666254895,-2136484562)
(324607878,-2136484562)
(-955525791,-2136484562)
(-857762631,-2136484562)
(-1578388351,-2136484562)
(-908625383,-2136484562)
(-1151361103,-2136484562)
(783405350,-2136484562)
(-1800159567,-2136484562)
(1573815806,-2136484562)
(-1579413247,-2136484562)
(912005054,-2136484562)
(833597126,-2136484562)
(1828234422,-2136484562)
(-67652935,-2136484562)
(-863909407,-2136484562)
(-1702086607,-2136484562)
(1601012318,-2136484562)
(1681635318,-2136484562)
(-29832215,-2136484562)
(1744467030,-2136484562)
(85398046,-2136484562)
(859346478,-2136484562)
(-969745687,-2136484562)
(-1776146999,-2136484562)
(263572382,-2136484562)
(-1832244295,-2136484562)
(-110420183,-2136484562)
(-1583480159,-2136484562)
(-713146519,-2136484562)
(448759630,-2136484562)
(-1591826239,-2136484562)
(1684198398,-2136484562)
(70185414,-2136484562)
(835152374,-2136484562)
(1672868854,-2136484562)
(56887998,-2136484562)
(54924774,-2136484562)
(-781239495,-2136484562)
(830587238,-2136484562)
(168966886,-2136484562)
(-1688442319,-2136484562)
(53159566,-2136484562)
(858776814,-2136484562)
(1836419838,-2136484562)
(130406654,-2136484562)
(1389456214,-2136484562)
(911985126,-2136484562)
(-443669391,-2136484562)
(-2075920919,-2136484562)
(-1300166255,-2136484562)
(945167366,-2136484562)
(-1603427583,-2136484562)
(715355558,-2136484562)
(1011536631,-2136484562)
(-717827608,-2136484562)
(469895463,-2136484562)
(1846141343,-2136484562)
(1082276703,-2136484562)
(-1633721216,-2136484562)
(1760050607,-2136484562)
(1771599959,-2136484562)
(-471165616,-2136484562)
(-41217152,-2136484562)
(579858231,-2136484562)
(-1847082000,-2136484562)
(-1948953472,-2136484562)
(-731461384,-2136484562)
(-1058728192,-2136484562)
(-2073236040,-2136484562)
(-1072292168,-2136484562)
(601373055,-2136484562)
(944416791,-2136484562)
(-1242305744,-2136484562)
(-1699095080,-2136484562)
(-1862272792,-2136484562)
(1329518551,-2136484562)
(-60546200,-2136484562)
(-1930141384,-2136484562)
(-1152604768,-2136484562)
(-866838720,-2136484562)
(826758591,-2136484562)
(-1294105680,-2136484562)
(58605087,-2136484562)
(1861475159,-2136484562)
(-1549797832,-2136484562)
(585433855,-2136484562)
(769789663,-2136484562)
(910167999,-2136484562)
(-1786881408,-2136484562)
(-948666496,-2136484562)
(-1070235504,-2136484562)
(1714503247,-2136484562)
(683037447,-2136484562)
(-1690236400,-2136484562)
(739587967,-2136484562)
(2134532727,-2136484562)
(1720056351,-2136484562)
(1564304183,-2136484562)
(-916436352,-2136484562)
(861182655,-2136484562)
(1571071,-2136484562)
(681829815,-2136484562)
(-1773170776,-2136484562)
(747145223,-2136484562)
(719801175,-2136484562)
(714586207,-2136484562)
(1692486831,-2136484562)
(-7720456,-2136484562)
(1929018015,-2136484562)
(1718341127,-2136484562)
(732893255,-2136484562)
(1989538903,-2136484562)
(-1062292040,-2136484562)
(820379567,-2136484562)
(1829924535,-2136484562)
(-919186968,-2136484562)
(1221314055,-2136484562)
(1654862655,-2136484562)
(-926166744,-2136484562)
(1632835207,-2136484562)
(1006547767,-2136484562)
(-1691431248,-2136484562)
(-64485016,-2136484562)
(-742760720,-2136484562)
(-174068336,-2136484562)
(1691342447,-2136484562)
(-862941320,-2136484562)
(-888703824,-2136484562)
(-41127744,-2136484562)
(-88161408,-2136484562)
(-757157800,-2136484562)
(1035494903,-2136484562)
(-1142255000,-2136484562)
(1607480687,-2136484562)
(-886684824,-2136484562)
(-689996992,-2136484562)
(-690116336,-2136484562)
(1584192743,-2136484562)
(-717675744,-2136484562)
(1615044479,-2136484562)
(-826656928,-2136484562)
(46733199,-2136484562)
(-1638743296,-2136484562)
(-6800840,-2136484562)
(-976580696,-2136484562)
(721647191,-2136484562)
(-773796800,-2136484562)
(-755337408,-2136484562)
(912817255,-2136484562)
(-332521064,-2136484562)
(-1634556992,-2136484562)
(141081007,-2136484562)
(82001311,-2136484562)
(-1409388808,-2136484562)
(1742103583,-2136484562)
(14287695,-2136484562)
(-1861137952,-2136484562)
(78563623,-2136484562)
(-1800131848,-2136484562)
(896653415,-2136484562)
(1526998351,-2136484562)
(-101240936,-2136484562)
(-1049819072,-2136484562)
(1632358687,-2136484562)
(745593639,-2136484562)
(-1572973368,-2136484562)
(945624663,-2136484562)
(-933883280,-2136484562)
(24478559,-2136484562)
(-32755880,-2136484562)
(854847231,-2136484562)
(-1778973320,-2136484562)
(1889781399,-2136484562)
(-178007424,-2136484562)
(-778524632,-2136484562)
(85398143,-2136484562)
(-95765688,-2136484562)
(-32720064,-2136484562)
(-960888200,-2136484562)
(1825839471,-2136484562)
(-826652240,-2136484562)
(-727251264,-2136484562)
(83488511,-2136484562)
(-1195014504,-2136484562)
(660551903,-2136484562)
(1829036391,-2136484562)
(3116175,-2136484562)
(30045351,-2136484562)
(-1931813344,-2136484562)
(-1749424624,-2136484562)
(511008687,-2136484562)
(615216175,-2136484562)
(714258191,-2136484562)
(1595570175,-2136484562)
(956432079,-2136484562)
(-845322360,-2136484562)
(179040831,-2136484562)
(737779711,-2136484562)
(-1860449872,-2136484562)
(1650147287,-2136484562)
(-980190984,-2136484562)
(-718782008,-2136484562)
(1742194695,-2136484562)
(89065223,-2136484562)
(1807704231,-2136484562)
(-1158060488,-2136484562)
(684051303,-2136484562)
(-831654016,-2136484562)
(1660089863,-2136484562)
(-1977743520,-2136484562)
(-1835493952,-2136484562)
(-140064176,-2136484562)
(-1672076760,-2136484562)
(30824903,-2136484562)
(-1756475904,-2136484562)
(-1105567568,-2136484562)
(-923292688,-2136484562)
(-1721310504,-2136484562)
(992906719,-2136484562)
(68807767,-2136484562)
(-100132672,-2136484562)
(717887855,-2136484562)
(1625983063,-2136484562)
(-553455984,-2136484562)
(700062927,-2136484562)
(46887799,-2136484562)
(772642847,-2136484562)
(803870447,-2136484562)
(-802730056,-2136484562)
(145881175,-2136484562)
(130503223,-2136484562)
(-85390000,-2136484562)
(-399912,-2136484562)
(-715764633,-2097693708)
(-654873585,-2097693708)
(899119440,-2097693708)
(78530896,-2097693708)
(-1520065225,-2097693708)
(-1811230281,-2097693708)
(-1090845553,-2097693708)
(602393464,-2097693708)
(-1862979649,-2097693708)
(1767421152,-2097693708)
(-1357804521,-2097693708)
(916694120,-2097693708)
(-857701065,-2097693708)
(1145933336,-2097693708)
(-1712909745,-2097693708)
(-1978913137,-2097693708)
(1862992728,-2097693708)
(1599821168,-2097693708)
(-800255385,-2097693708)
(297251960,-2097693708)
(735721824,-2097693708)
(-1122864713,-2097693708)
(58983832,-2097693708)
(-1736278913,-2097693708)
(1533368368,-2097693708)
(-1025654217,-2097693708)
(-1603247809,-2097693708)
(-1753118089,-2097693708)
(-91045489,-2097693708)
(-34186337,-2097693708)
(-1518438537,-2097693708)
(1504842393,-2097693708)
(-1951682930,-2097693708)
(-62688778,-2097693708)
(70532529,-2097693708)
(-1004294042,-2097693708)
(-239115722,-2097693708)
(-181212034,-2097693708)
(-133198922,-2097693708)
(-1846104730,-2097693708)
(875386545,-2097693708)
(510327545,-2097693708)
(-418706674,-2097693708)
(1399061361,-2097693708)
(-1320089066,-2097693708)
(85461665,-2097693708)
(-712889418,-2097693708)
(-1778800562,-2097693708)
(-1931036170,-2097693708)
(770043393,-2097693708)
(-1163929962,-2097693708)
(-231973970,-2097693708)
(542153833,-2097693708)
(-1131586,-2097693708)
(570323249,-2097693708)
(-657765426,-2097693708)
(-1657968114,-2097693708)
(-1014789402,-2097693708)
(-1034917746,-2097693708)
(-1159518674,-2097693708)
(-906348418,-2097693708)
(1828171521,-2097693708)
(-897311898,-2097693708)
(198406410,-2097693708)
(-1640949675,-2097693708)
(214809866,-2097693708)
(1147874834,-2097693708)
(-1866824523,-2097693708)
(-870699819,-2097693708)
(-684480299,-2097693708)
(729541370,-2097693708)
(-1894310667,-2097693708)
(-2097380011,-2097693708)
(-1899639923,-2097693708)
(-993947859,-2097693708)
(-700303611,-2097693708)
(934243714,-2097693708)
(-884572971,-2097693708)
(-1633158155,-2097693708)
(-794971571,-2097693708)
(146039658,-2097693708)
(1653754770,-2097693708)
(-1726143883,-2097693708)
(-1273261643,-2097693708)
(-804663371,-2097693708)
(1781379746,-2097693708)
(-1919096019,-2097693708)
(-2064976419,-2097693708)
(1645767954,-2097693708)
(-883368267,-2097693708)
(145397258,-2097693708)
(984084338,-2097693708)
(-2016773491,-2097693708)
(-953955987,-2097693708)
(-658718451,-2097693708)
(-130025243,-2097693708)
(-781331259,-2097693708)
(-1851497539,-2097693708)
(-61341307,-2097693708)
(1428141498,-2097693708)
(1831809227,-2097693708)
(-871613564,-2097693708)
(1022358171,-2097693708)
(-1662614052,-2097693708)
(1673269331,-2097693708)
(941987851,-2097693708)
(-1860545492,-2097693708)
(528890475,-2097693708)
(-959222284,-2097693708)
(-1915798964,-2097693708)
(1555628211,-2097693708)
(-1808925420,-2097693708)
(60284371,-2097693708)
(57217027,-2097693708)
(-1064042508,-2097693708)
(-755599636,-2097693708)
(1718127443,-2097693708)
(1647382835,-2097693708)
(-693452556,-2097693708)
(-1573717364,-2097693708)
(1114540939,-2097693708)
(-2027691124,-2097693708)
(-1733962348,-2097693708)
(1741524107,-2097693708)
(-385131908,-2097693708)
(-181511636,-2097693708)
(-59532100,-2097693708)
(-182464108,-2097693708)
(1657196131,-2097693708)
(-1690491820,-2097693708)
(1653332779,-2097693708)
(-1799311532,-2097693708)
(507210563,-2097693708)
(1860104699,-2097693708)
(886865843,-2097693708)
(679274035,-2097693708)
(766795035,-2097693708)
(-1038335804,-2097693708)
(971674323,-2097693708)
(-28669404,-2097693708)
(-2097693708,-2097693708)
(-1912691380,-2097693708)
(-191474348,-2097693708)
(1090400147,-2097693708)
(324210827,-2097693708)
(1538491083,-2097693708)
(653006411,-2097693708)
(-1659347164,-2097693708)
(-1212859373,-2097693708)
(-1665298501,-2097693708)
(1853535492,-2097693708)
(-1875572189,-2097693708)
(-859764501,-2097693708)
(1632806292,-2097693708)
(-37234437,-2097693708)
(-372985709,-2097693708)
(-106748933,-2097693708)
(763981044,-2097693708)
(1857443436,-2097693708)
(-37177861,-2097693708)
(-1669814421,-2097693708)
(-1632025797,-2097693708)
(776260572,-2097693708)
(-2014765453,-2097693708)
(-266511629,-2097693708)
(878452836,-2097693708)
(1542450620,-2097693708)
(1528623260,-2097693708)
(1609161092,-2097693708)
(-1787955413,-2097693708)
(-247074805,-2097693708)
(-1984970341,-2097693708)
(-2074951365,-2097693708)
(891353292,-2097693708)
(-1043043581,-2097693708)
(-807573725,-2097693708)
(-990291533,-2097693708)
(-1243625485,-2097693708)
(1543891700,-2097693708)
(238299508,-2097693708)
(-2043836973,-2097693708)
(227698196,-2097693708)
(96687644,-2097693708)
(392774300,-2097693708)
(1399988492,-2097693708)
(865438940,-2097693708)
(-2022898213,-2097693708)
(-1567037110,-2097693708)
(-1785214158,-2097693708)
(-1841155350,-2097693708)
(944246565,-2097693708)
(-1619835694,-2097693708)
(1468449485,-2097693708)
(-957748078,-2097693708)
(-1513071406,-2097693708)
(1545778101,-2097693708)
(1589034965,-2097693708)
(89386533,-2097693708)
(-1664155478,-2097693708)
(-67740806,-2097693708)
(1021351749,-2097693708)
(-888443454,-2097693708)
(944331109,-2097693708)
(-1041476022,-2097693708)
(771101813,-2097693708)
(749540821,-2097693708)
(108906685,-2097693708)
(-849354054,-2097693708)
(-1449725126,-2097693708)
(-868823982,-2097693708)
(-411768038,-2097693708)
(403684445,-2097693708)
(740958325,-2097693708)
(871706565,-2097693708)
(-203187918,-2097693708)
(-1909923574,-2097693708)
(639436429,-2097693708)
(-1778050150,-2097693708)
(749850477,-2097693708)
(-1134717878,-2097693708)
(-1578517598,-2097693708)
(995734205,-2097693708)
(242103037,-2097693708)
(794023749,-2097693708)
(-920222943,-2097693708)
(-1779028471,-2097693708)
(-984456935,-2097693708)
(107217734,-2097693708)
(175336486,-2097693708)
(1946869998,-2097693708)
(-982024639,-2097693708)
(-2063837439,-2097693708)
(-323853287,-2097693708)
(-1705050063,-2097693708)
(-852128647,-2097693708)
(-1678684783,-2097693708)
(-59050327,-2097693708)
(83582622,-2097693708)
(1766282126,-2097693708)
(-175477999,-2097693708)
(713365542,-2097693708)
(1484174238,-2097693708)
(78201006,-2097693708)
(-943923335,-2097693708)
(237667990,-2097693708)
(-1204316687,-2097693708)
(-1630149183,-2097693708)
(-1586821415,-2097693708)
(701285870,-2097693708)
(167028518,-2097693708)
(-788157583,-2097693708)
(-936023,-2097693708)
(1785818414,-2097693708)
(531631030,-2097693708)
(790695686,-2097693708)
(-1691126583,-2097693708)
(-2039914375,-2097693708)
(-296859375,-2097693708)
(-2050017103,-2097693708)
(605669262,-2097693708)
(510695230,-2097693708)
(771731270,-2097693708)
(746931982,-2097693708)
(1055157918,-2097693708)
(-867830207,-2097693708)
(1564421494,-2097693708)
(-1957912263,-2097693708)
(1025846830,-2097693708)
(-88160967,-2097693708)
(-933174991,-2097693708)
(-885829975,-2097693708)
(-1597736655,-2097693708)
(-401460015,-2097693708)
(-1549675847,-2097693708)
(707097214,-2097693708)
(1422491262,-2097693708)
(-800880783,-2097693708)
(-1066192767,-2097693708)
(-819832095,-2097693708)
(-23607567,-2097693708)
(585688926,-2097693708)
(-838076783,-2097693708)
(-316093975,-2097693708)
(-775789583,-2097693708)
(-1776284983,-2097693708)
(890494006,-2097693708)
(1589710134,-2097693708)
(647807958,-2097693708)
(904974774,-2097693708)
(-1487362887,-2097693708)
(1533915454,-2097693708)
(-725272663,-2097693708)
(-806429871,-2097693708)
(-1968224528,-2097693708)
(-1694338648,-2097693708)
(-806939064,-2097693708)
(1050705759,-2097693708)
(-2070025840,-2097693708)
(1508984007,-2097693708)
(-1231767112,-2097693708)
(972834559,-2097693708)
(-2010278352,-2097693708)
(-1778168896,-2097693708)
(-53998936,-2097693708)
(-124877248,-2097693708)
(-1872766776,-2097693708)
(744673751,-2097693708)
(-1151852688,-2097693708)
(1781393063,-2097693708)
(-68825008,-2097693708)
(-1900809864,-2097693708)
(-934968568,-2097693708)
(-2015265672,-2097693708)
(51653391,-2097693708)
(-948698056,-2097693708)
(-977360872,-2097693708)
(1845720487,-2097693708)
(401211831,-2097693708)
(1783360303,-2097693708)
(-1741106776,-2097693708)
(-1597844656,-2097693708)
(-1123599376,-2097693708)
(-1294046096,-2097693708)
(169752951,-2097693708)
(-904406080,-2097693708)
(-1347822528,-2097693708)
(107665255,-2097693708)
(-1735425248,-2097693708)
(348073231,-2097693708)
(-921394040,-2097693708)
(1581744135,-2097693708)
(-1845984256,-2097693708)
(1813501647,-2097693708)
(-1959168784,-2097693708)
(-1640171361,-1640171361)
(1599585624,-1640171361)
(1891981400,-1640171361)
(-671099908,-1640171361)
(98128900,-1640171361)
(250276100,-1640171361)
(902588480,-1162619410)
(-1162619410,-1162619410)
(1019139026,-1162619410)
(-570811099,-1162619410)
(1038284330,-1162619410)
(1777172444,-1162619410)
(-63310359,-1162619410)
(31061096,0)
(-831566113,0)
(-945066617,0)
(142959248,0)
(53491168,0)
(60347664,0)
(-836808577,0)
(-768556553,0)
(54918976,0)
(-1548968761,0)
(738512256,0)
(1242621272,0)
(1659914064,0)
(-524776617,0)
(861278880,0)
(-87361257,0)
(-1156882033,0)
(-1852520569,0)
(1961892080,0)
(1688551288,0)
(1799365288,0)
(1631191648,0)
(1593723040,0)
(-3970665,0)
(1763714040,0)
(1803146272,0)
(-886947489,0)
(-1494295809,0)
(1713631264,0)
(-38850257,0)
(-863535361,0)
(-1226449225,0)
(-2103863017,0)
(-1212096585,0)
(1773687136,0)
(918410088,0)
(-854072553,0)
(32315416,0)
(915555017,0)
(676952793,0)
(1703758585,0)
(1806904745,0)
(-354806682,0)
(-895727554,0)
(-1860302714,0)
(900453921,0)
(1536610841,0)
(1658210201,0)
(1418016113,0)
(770653609,0)
(-1641444570,0)
(690191145,0)
(743808873,0)
(-1220231450,0)
(-29122218,0)
(897264369,0)
(941772497,0)
(459751809,0)
(587199121,0)
(-1633810650,0)
(-1864889626,0)
(-1706197938,0)
(-1584283706,0)
(-793391714,0)
(-999741082,0)
(-663366714,0)
(1574214065,0)
(1689675113,0)
(-1586191226,0)
(-915218034,0)
(1795170537,0)
(-1073187634,0)
(1661877161,0)
(-726240290,0)
(-61197474,0)
(-1398408730,0)
(-292337746,0)
(-32779962,0)
(-1246121658,0)
(-2101925858,0)
(1716334146,0)
(-1811733083,0)
(1818978810,0)
(-835546563,0)
(-666838963,0)
(976682490,0)
(-216066867,0)
(-1585908811,0)
(872983138,0)
(-1946165179,0)
(2075453450,0)
(914775826,0)
(-659610659,0)
(643038706,0)
(832465130,0)
(1815363018,0)
(-154318859,0)
(27283842,0)
(34238178,0)
(-799100315,0)
(1592947730,0)
(29089122,0)
(785003882,0)
(712585026,0)
(-1685804651,0)
(-858807339,0)
(854368802,0)
(-244726987,0)
(881068522,0)
(-1820211091,0)
(891601314,0)
(-1982211459,0)
(1739620154,0)
(1414433042,0)
(1330591058,0)
(-942514307,0)
(-1013715555,0)
(127622706,0)
(681281794,0)
(1510698530,0)
(-52545059,0)
(633522442,0)
(2075421706,0)
(854572874,0)
(33680051,0)
(107605699,0)
(54474427,0)
(-98644172,0)
(-1420549916,0)
(-211215532,0)
(-1749425644,0)
(-2139803932,0)
(-575517796,0)
(1627962555,0)
(-1686938748,0)
(-2099026628,0)
(1997396051,0)
(1624164699,0)
(14492971,0)
(-169460140,0)
(-739434196,0)
(1026953763,0)
(1799663867,0)
(1625297747,0)
(-31743012,0)
(-92656524,0)
(1068674963,0)
(1517983027,0)
(1871767467,0)
(777831875,0)
(396989211,0)
(-956486924,0)
(1764213123,0)
(792091019,0)
(1745773491,0)
(-664163316,0)
(-1069551148,0)
(-773173460,0)
(-818367812,0)
(-843631692,0)
(1648139947,0)
(912264667,0)
(829847299,0)
(742947075,0)
(467810219,0)
(468238179,0)
(141047075,0)
(1685062812,0)
(794630204,0)
(274001444,0)
(-1076869125,0)
(-99425573,0)
(-1787657861,0)
(-1357923437,0)
(-1071243717,0)
(856622588,0)
(-588969885,0)
(751799980,0)
(-1954410437,0)
(-1452370317,0)
(-1547085141,0)
(-1676400189,0)
(-1977588021,0)
(-888546933,0)
(-1004228541,0)
(546193300,0)
(921641372,0)
(-717733309,0)
(-1036528645,0)
(-1274038317,0)
(51476500,0)
(1903396732,0)
(-1872471629,0)
(-116048725,0)
(-89182109,0)
(87247108,0)
(-28287165,0)
(124336580,0)
(-3035301,0)
(-1908839317,0)
(825737508,0)
(-1657794325,0)
(-596647493,0)
(-1138642733,0)
(1331360788,0)
(-31974589,0)
(-1744183421,0)
(-769907229,0)
(776995180,0)
(-1160921318,0)
(900334693,0)
(-145418654,0)
(496828725,0)
(-206222694,0)
(-107308598,0)
(1649247917,0)
(14320749,0)
(85520285,0)
(205327045,0)
(-996394454,0)
(46794645,0)
(-2102729998,0)
(-1507077086,0)
(60216909,0)
(-1109810006,0)
(-683682350,0)
(1679702933,0)
(-1006856038,0)
(-876110470,0)
(-1950686,0)
(1711995741,0)
(712436133,0)
(799512245,0)
(-1839184294,0)
(-1954623814,0)
(918385285,0)
(1347077741,0)
(-1274452902,0)
(-1847224526,0)
(-1708424238,0)
(-1712274766,0)
(-2395070,0)
(1018705909,0)
(-863855398,0)
(-1786728326,0)
(-1214365230,0)
(1967007654,0)
(739402174,0)
(29742830,0)
(-1013531719,0)
(-983333567,0)
(740977830,0)
(-915688759,0)
(826188286,0)
(-815926639,0)
(1327642710,0)
(-1682812039,0)
(1515576230,0)
(-1665477831,0)
(828859326,0)
(-143261351,0)
(1623303798,0)
(1684902694,0)
(25727878,0)
(-828440631,0)
(938001790,0)
(889665614,0)
(-2067599863,0)
(858395950,0)
(-116855991,0)
(-977393359,0)
(3174830,0)
(-1273587847,0)
(733906590,0)
(2374318,0)
(-1103482415,0)
(745728814,0)
(681565302,0)
(-1806927111,0)
(803020726,0)
(-1625274991,0)
(-1969300959,0)
(51378614,0)
(-1049783743,0)
(825826870,0)
(1770327718,0)
(82712111,0)
(-28310264,0)
(-144554808,0)
(-795116648,0)
(16777695,0)
(-1332936600,0)
(2088450719,0)
(-29824392,0)
(26231135,0)
(968923975,0)
(-1401895152,0)
(-2072491296,0)
(-1718920552,0)
(-1750142464,0)
(-697541568,0)
(1740629887,0)
(115217103,0)
(1902233671,0)
(-53953744,0)
(-55070296,0)
(-1725862264,0)
(986892319,0)
(1680764319,0)
(-861749016,0)
(-389686056,0)
(-3205224,0)
(-1624258800,0)
(-1832447664,0)
(-1835306984,0)
(-1739762384,0)
(711606919,0)
(-1043232848,0)
(643581911,0)
(-1742871376,0)
(-1579646568,0)
(195597799,0)
(-818517912,0)
